[gd_scene load_steps=9 format=2]

[ext_resource path="res://Floor.tscn" type="PackedScene" id=1]
[ext_resource path="res://Wall.tscn" type="PackedScene" id=2]
[ext_resource path="res://Units/Character.tscn" type="PackedScene" id=3]
[ext_resource path="res://Weapons/Gun.tscn" type="PackedScene" id=4]
[ext_resource path="res://Camera.gd" type="Script" id=5]
[ext_resource path="res://TextIn3D.tscn" type="PackedScene" id=6]
[ext_resource path="res://Units/Enemy.tscn" type="PackedScene" id=7]
[ext_resource path="res://Weapons/ProjectileBullet.tscn" type="PackedScene" id=8]

[node name="Main" type="Spatial"]

[node name="FloorAndWall" type="Spatial" parent="."]

[node name="Floor" parent="FloorAndWall" instance=ExtResource( 1 )]
transform = Transform( 10, 0, 0, 0, 1, 0, 0, 0, 10, -5.13332, -0.115135, 2.34141 )

[node name="Wall" parent="FloorAndWall" instance=ExtResource( 2 )]
transform = Transform( 1, 0, 0, 0, 7.0968, 0, 0, 0, 1, -9.9435, 1.35127, 0 )

[node name="Wall2" parent="FloorAndWall" instance=ExtResource( 2 )]
transform = Transform( 1, 0, 0, 0, 1, 0, 0, 0, 1, 31.9044, 1.35127, 0 )

[node name="Wall3" parent="FloorAndWall" instance=ExtResource( 2 )]
transform = Transform( -4.37114e-008, 0, 1, 0, 3.42302, 0, -1, 0, -4.37114e-008, 0.16375, 1.35127, -59.2554 )

[node name="Wall4" parent="FloorAndWall" instance=ExtResource( 2 )]
transform = Transform( -4.37114e-008, 0, 1, 0, 1, 0, -1, 0, -4.37114e-008, 0.16375, 1.35127, 19.4314 )

[node name="Wall5" parent="FloorAndWall" instance=ExtResource( 2 )]
transform = Transform( 1, 0, 0, 0, 1, 0, 0, 0, 1, -30.4679, 1.35127, 13.2936 )

[node name="Wall6" parent="FloorAndWall" instance=ExtResource( 2 )]
transform = Transform( 1, 0, 0, 0, 1, 0, 0, 0, 1, 21.8285, 1.35127, 13.2936 )

[node name="Wall7" parent="FloorAndWall" instance=ExtResource( 2 )]
transform = Transform( 1, 0, 0, 0, 1, 0, 0, 0, 1, 66.4549, 1.35127, 13.2936 )

[node name="Wall8" parent="FloorAndWall" instance=ExtResource( 2 )]
transform = Transform( 1, 0, 0, 0, 1, 0, 0, 0, 1, -74.6509, 1.35127, 13.2936 )

[node name="Wall9" parent="FloorAndWall" instance=ExtResource( 2 )]
transform = Transform( 1, 0, 0, 0, 1, 0, 0, 0, 1, -74.6509, 1.35127, -59.5985 )

[node name="Wall10" parent="FloorAndWall" instance=ExtResource( 2 )]
transform = Transform( 1, 0, 0, 0, 1, 0, 0, 0, 1, 43.8431, 1.35127, -59.5985 )

[node name="Wall11" parent="FloorAndWall" instance=ExtResource( 2 )]
transform = Transform( 1, 0, 0, 0, 1, 0, 0, 0, 1, 3.82257, 1.35127, -37.2733 )

[node name="Wall12" parent="FloorAndWall" instance=ExtResource( 2 )]
transform = Transform( 1, 0, 0, 0, 1, 0, 0, 0, 1, 3.82257, 1.35127, 38.0099 )

[node name="Wall13" parent="FloorAndWall" instance=ExtResource( 2 )]
transform = Transform( -4.37114e-008, 0, 1, 0, 1, 0, -1, 0, -4.37114e-008, -72.9414, 1.35127, 19.4314 )

[node name="Wall14" parent="FloorAndWall" instance=ExtResource( 2 )]
transform = Transform( -4.37114e-008, 0, 1, 0, 1, 0, -1, 0, -4.37114e-008, -72.9414, 1.35127, 58.5583 )

[node name="Wall15" parent="FloorAndWall" instance=ExtResource( 2 )]
transform = Transform( -4.37114e-008, 0, 1, 0, 1, 0, -1, 0, -4.37114e-008, 9.73466, 1.35127, 58.5583 )

[node name="Wall16" parent="FloorAndWall" instance=ExtResource( 2 )]
transform = Transform( -4.37114e-008, 0, 1, 0, 1, 0, -1, 0, -4.37114e-008, 62.4512, 1.35127, 58.5583 )

[node name="Wall17" parent="FloorAndWall" instance=ExtResource( 2 )]
transform = Transform( -4.37114e-008, 0, 1, 0, 1, 0, -1, 0, -4.37114e-008, 62.4512, 1.35127, 7.67243 )

[node name="Wall18" parent="FloorAndWall" instance=ExtResource( 2 )]
transform = Transform( -4.37114e-008, 0, 1, 0, 1, 0, -1, 0, -4.37114e-008, 62.4512, 1.35127, -64.922 )

[node name="Wall19" parent="FloorAndWall" instance=ExtResource( 2 )]
transform = Transform( -4.37114e-008, 0, 1, 0, 1, 0, -1, 0, -4.37114e-008, 21.8435, 1.35127, -64.922 )

[node name="Wall20" parent="FloorAndWall" instance=ExtResource( 2 )]
transform = Transform( -4.37114e-008, 0, 1, 0, 1, 0, -1, 0, -4.37114e-008, 38.4174, 1.35127, -64.922 )

[node name="Wall21" parent="FloorAndWall" instance=ExtResource( 2 )]
transform = Transform( -4.37114e-008, 0, 1, 0, 1, 0, -1, 0, -4.37114e-008, -29.2281, 1.35127, -64.922 )

[node name="Wall22" parent="FloorAndWall" instance=ExtResource( 2 )]
transform = Transform( -4.37114e-008, 0, 1, 0, 1, 0, -1, 0, -4.37114e-008, -52.6813, 1.35127, -64.922 )

[node name="Wall23" parent="FloorAndWall" instance=ExtResource( 2 )]
transform = Transform( -4.37114e-008, 0, 1, 0, 1, 0, -1, 0, -4.37114e-008, -71.5204, 1.35127, -64.922 )

[node name="Wall24" parent="FloorAndWall" instance=ExtResource( 2 )]
transform = Transform( -4.37114e-008, 0, 1, 0, 1, 0, -1, 0, -4.37114e-008, -71.5204, 1.35127, -85.0322 )

[node name="Wall25" parent="FloorAndWall" instance=ExtResource( 2 )]
transform = Transform( -4.37114e-008, 0, 1, 0, 1, 0, -1, 0, -4.37114e-008, -42.8092, 1.35127, -85.0322 )

[node name="Wall26" parent="FloorAndWall" instance=ExtResource( 2 )]
transform = Transform( -4.37114e-008, 0, 1, 0, 1, 0, -1, 0, -4.37114e-008, -42.8092, 1.35127, -26.5807 )

[node name="Wall27" parent="FloorAndWall" instance=ExtResource( 2 )]
transform = Transform( -4.37114e-008, 0, 1, 0, 1, 0, -1, 0, -4.37114e-008, 45.3495, 1.35127, -26.5807 )

[node name="Wall28" parent="FloorAndWall" instance=ExtResource( 2 )]
transform = Transform( -4.37114e-008, 0, 1, 0, 1, 0, -1, 0, -4.37114e-008, 45.3495, 1.35127, 35.5966 )

[node name="Wall29" parent="FloorAndWall" instance=ExtResource( 2 )]
transform = Transform( -4.37114e-008, 0, 1, 0, 1, 0, -1, 0, -4.37114e-008, -53.9752, 1.35127, 35.5966 )

[node name="Wall30" parent="FloorAndWall" instance=ExtResource( 2 )]
transform = Transform( -4.37114e-008, 0, 1, 0, 1, 0, -1, 0, -4.37114e-008, -53.9752, 1.35127, 78.8743 )

[node name="Wall31" parent="FloorAndWall" instance=ExtResource( 2 )]
transform = Transform( -4.37114e-008, 0, 1, 0, 1, 0, -1, 0, -4.37114e-008, -3.73256, 1.35127, 78.8743 )

[node name="Wall32" parent="FloorAndWall" instance=ExtResource( 2 )]
transform = Transform( -4.37114e-008, 0, 1, 0, 1, 0, -1, 0, -4.37114e-008, -3.73256, 1.35127, 78.8743 )

[node name="Wall33" parent="FloorAndWall" instance=ExtResource( 2 )]
transform = Transform( -4.37114e-007, 0, 1, 0, 1, 0, -10, 0, -4.37114e-008, 35.6587, 1.35127, 78.8743 )

[node name="Wall34" parent="FloorAndWall" instance=ExtResource( 2 )]
transform = Transform( -4.37114e-007, 0, 1, 0, 1, 0, -10, 0, -4.37114e-008, 72.0678, 1.35127, 78.8743 )

[node name="Wall35" parent="FloorAndWall" instance=ExtResource( 2 )]
transform = Transform( -4.37114e-007, 0, 1, 0, 1, 0, -10, 0, -4.37114e-008, 72.0678, 1.35127, 39.13 )

[node name="Wall36" parent="FloorAndWall" instance=ExtResource( 2 )]
transform = Transform( -4.37114e-007, 0, 1, 0, 1, 0, -10, 0, -4.37114e-008, 72.0678, 1.35127, -24.9189 )

[node name="Wall37" parent="FloorAndWall" instance=ExtResource( 2 )]
transform = Transform( -4.37114e-007, 0, 1, 0, 1, 0, -10, 0, -4.37114e-008, -79.1151, 1.35127, -24.9189 )

[node name="Wall38" parent="FloorAndWall" instance=ExtResource( 2 )]
transform = Transform( -4.37114e-007, 0, 1, 0, 1, 0, -10, 0, -4.37114e-008, -79.1151, 1.35127, 40.7684 )

[node name="Wall39" parent="FloorAndWall" instance=ExtResource( 2 )]
transform = Transform( -4.37114e-007, 0, 1, 0, 1, 0, -10, 0, -4.37114e-008, -19.8765, 1.35127, 40.7684 )

[node name="Player" parent="." instance=ExtResource( 3 )]
transform = Transform( 1, 0, 0, 0, 1, 0, 0, 0, 1, -0.011013, 5.07646, -0.0876226 )

[node name="Weapon" parent="Player" instance=ExtResource( 4 )]
transform = Transform( 1, 0, 0, 0, 1, 0, 0, 0, 1, 0, 0, -1.5 )

[node name="Camera" type="Camera" parent="."]
transform = Transform( 1, 0, 0, 0, 0.34202, 0.939693, 0, -0.939693, 0.34202, 0, 35, 5 )
script = ExtResource( 5 )

[node name="DirectionalLight" type="DirectionalLight" parent="."]
transform = Transform( 1, 0, 0, 0, 0.833825, 0.552028, 0, -0.552028, 0.833825, 0, 10.0552, 0 )
light_color = Color( 1, 0.929932, 0.78125, 1 )
light_energy = 0.5
shadow_enabled = true

[node name="TextIn3D" parent="." instance=ExtResource( 6 )]
transform = Transform( 1, 0, 0, 0, 1, 0, 0, 0, 1, 10, 0, 0 )

[node name="TextIn3D2" parent="." instance=ExtResource( 6 )]
transform = Transform( 1, 0, 0, 0, -0.992794, 0.119834, 0, -0.119834, -0.992794, -51.2107, 8.28195, 0 )

[node name="EnemyGroup" type="Spatial" parent="."]
editor/display_folded = true

[node name="Enemy" parent="EnemyGroup" instance=ExtResource( 7 )]
transform = Transform( 1, 0, 0, 0, 1, 0, 0, 0, 1, -46.5474, 4.01095, 0 )

[node name="Enemy2" parent="EnemyGroup" instance=ExtResource( 7 )]
transform = Transform( 1, 0, 0, 0, 1, 0, 0, 0, 1, 52.2139, 11.1884, 0 )

[node name="Enemy3" parent="EnemyGroup" instance=ExtResource( 7 )]
transform = Transform( 1, 0, 0, 0, 1, 0, 0, 0, 1, 0, 0, 23.2697 )

[node name="Enemy4" parent="EnemyGroup" instance=ExtResource( 7 )]
transform = Transform( 1, 0, 0, 0, 1, 0, 0, 0, 1, 0, 7.98036, -44.7187 )

[node name="Test" type="Spatial" parent="."]
transform = Transform( 1, 0, 0, 0, 1, 0, 0, 0, 1, 0, -0.973665, 0 )

[node name="Bullet" parent="Test" instance=ExtResource( 8 )]
transform = Transform( 1, 0, 0, 0, -0.700695, -0.713461, 0, 0.713461, -0.700695, -18.9188, 3.04823, 0 )

[node name="Bullet2" parent="Test" instance=ExtResource( 8 )]
transform = Transform( 1, 0, 0, 0, 0.686092, -0.727515, 0, 0.727515, 0.686092, 9.84882, 3.04823, 0 )

[node name="Bullet3" parent="Test" instance=ExtResource( 8 )]
transform = Transform( 1, 0, 0, 0, 0.686092, -0.727515, 0, 0.727515, 0.686092, 9.84882, 3.04823, 6.53131 )

[node name="Bullet4" parent="Test" instance=ExtResource( 8 )]
transform = Transform( 1, 0, 0, 0, -0.0764618, -0.997073, 0, 0.997073, -0.0764618, -23.8197, 3.04823, 6.53131 )

[node name="Bullet5" parent="Test" instance=ExtResource( 8 )]
transform = Transform( 1, 0, 0, 0, 0.686092, -0.727515, 0, 0.727515, 0.686092, 14.3468, 3.04823, 6.53131 )

[node name="Bullet6" parent="Test" instance=ExtResource( 8 )]
transform = Transform( 1, 0, 0, 0, 0.686092, -0.727515, 0, 0.727515, 0.686092, 14.3468, 3.04823, 0.2058 )

[node name="Bullet7" parent="Test" instance=ExtResource( 8 )]
transform = Transform( 1, 0, 0, 0, 0.686092, -0.727515, 0, 0.727515, 0.686092, -5.295, 3.04823, 0.2058 )

[node name="Bullet8" parent="Test" instance=ExtResource( 8 )]
transform = Transform( 1, 0, 0, 0, 0.686092, -0.727515, 0, 0.727515, 0.686092, -5.295, 3.04823, 6.79827 )

[node name="Bullet9" parent="Test" instance=ExtResource( 8 )]
transform = Transform( 1, 0, 0, 0, 0.686092, -0.727515, 0, 0.727515, 0.686092, -5.295, 3.04823, -15.2314 )

[node name="Bullet10" parent="Test" instance=ExtResource( 8 )]
transform = Transform( 1, 0, 0, 0, 0.686092, -0.727515, 0, 0.727515, 0.686092, 4.09255, 3.04823, -15.2314 )

[node name="Bullet11" parent="Test" instance=ExtResource( 8 )]
transform = Transform( 1, 0, 0, 0, 0.686092, -0.727515, 0, 0.727515, 0.686092, 15.9419, 3.04823, -15.2314 )

[node name="Bullet12" parent="Test" instance=ExtResource( 8 )]
transform = Transform( 1, 0, 0, 0, 0.686092, -0.727515, 0, 0.727515, 0.686092, 15.9419, 3.04823, 13.8142 )
